
> everybody-codes@1.0.0 day3
> tsc day3.ts && node day3.js

[
  [ 1, 2 ], [ 1, 3 ], [ 1, 4 ],
  [ 1, 6 ], [ 1, 7 ], [ 2, 3 ],
  [ 2, 4 ], [ 2, 5 ], [ 2, 6 ],
  [ 3, 2 ], [ 3, 3 ], [ 3, 4 ],
  [ 3, 5 ], [ 3, 6 ], [ 3, 7 ],
  [ 4, 2 ], [ 4, 3 ], [ 4, 4 ],
  [ 4, 5 ], [ 4, 6 ], [ 4, 7 ],
  [ 5, 3 ], [ 5, 4 ], [ 5, 5 ],
  [ 5, 6 ]
]
0
length 25
index 0
[
  [ 1, 2 ], [ 1, 3 ], [ 1, 4 ],
  [ 1, 6 ], [ 1, 7 ], [ 2, 3 ],
  [ 2, 4 ], [ 2, 5 ], [ 2, 6 ],
  [ 3, 2 ], [ 3, 3 ], [ 3, 4 ],
  [ 3, 5 ], [ 3, 6 ], [ 3, 7 ],
  [ 4, 2 ], [ 4, 3 ], [ 4, 4 ],
  [ 4, 5 ], [ 4, 6 ], [ 4, 7 ],
  [ 5, 3 ], [ 5, 4 ], [ 5, 5 ],
  [ 5, 6 ]
]
0
length 24
index 0
[
  [ 1, 3 ], [ 1, 4 ], [ 1, 6 ],
  [ 1, 7 ], [ 2, 3 ], [ 2, 4 ],
  [ 2, 5 ], [ 2, 6 ], [ 3, 2 ],
  [ 3, 3 ], [ 3, 4 ], [ 3, 5 ],
  [ 3, 6 ], [ 3, 7 ], [ 4, 2 ],
  [ 4, 3 ], [ 4, 4 ], [ 4, 5 ],
  [ 4, 6 ], [ 4, 7 ], [ 5, 3 ],
  [ 5, 4 ], [ 5, 5 ], [ 5, 6 ]
]
0
length 23
index 0
[
  [ 1, 4 ], [ 1, 6 ], [ 1, 7 ],
  [ 2, 3 ], [ 2, 4 ], [ 2, 5 ],
  [ 2, 6 ], [ 3, 2 ], [ 3, 3 ],
  [ 3, 4 ], [ 3, 5 ], [ 3, 6 ],
  [ 3, 7 ], [ 4, 2 ], [ 4, 3 ],
  [ 4, 4 ], [ 4, 5 ], [ 4, 6 ],
  [ 4, 7 ], [ 5, 3 ], [ 5, 4 ],
  [ 5, 5 ], [ 5, 6 ]
]
0
length 22
index 0
[
  [ 1, 6 ], [ 1, 7 ], [ 2, 3 ],
  [ 2, 4 ], [ 2, 5 ], [ 2, 6 ],
  [ 3, 2 ], [ 3, 3 ], [ 3, 4 ],
  [ 3, 5 ], [ 3, 6 ], [ 3, 7 ],
  [ 4, 2 ], [ 4, 3 ], [ 4, 4 ],
  [ 4, 5 ], [ 4, 6 ], [ 4, 7 ],
  [ 5, 3 ], [ 5, 4 ], [ 5, 5 ],
  [ 5, 6 ]
]
0
length 21
index 0
[
  [ 1, 7 ], [ 2, 3 ], [ 2, 4 ],
  [ 2, 5 ], [ 2, 6 ], [ 3, 2 ],
  [ 3, 3 ], [ 3, 4 ], [ 3, 5 ],
  [ 3, 6 ], [ 3, 7 ], [ 4, 2 ],
  [ 4, 3 ], [ 4, 4 ], [ 4, 5 ],
  [ 4, 6 ], [ 4, 7 ], [ 5, 3 ],
  [ 5, 4 ], [ 5, 5 ], [ 5, 6 ]
]
0
length 20
index 0
[
  [ 2, 3 ], [ 2, 4 ], [ 2, 5 ],
  [ 2, 6 ], [ 3, 2 ], [ 3, 3 ],
  [ 3, 4 ], [ 3, 5 ], [ 3, 6 ],
  [ 3, 7 ], [ 4, 2 ], [ 4, 3 ],
  [ 4, 4 ], [ 4, 5 ], [ 4, 6 ],
  [ 4, 7 ], [ 5, 3 ], [ 5, 4 ],
  [ 5, 5 ], [ 5, 6 ]
]
0
length 19
index 0
[
  [ 2, 4 ], [ 2, 5 ], [ 2, 6 ],
  [ 3, 2 ], [ 3, 3 ], [ 3, 4 ],
  [ 3, 5 ], [ 3, 6 ], [ 3, 7 ],
  [ 4, 2 ], [ 4, 3 ], [ 4, 4 ],
  [ 4, 5 ], [ 4, 6 ], [ 4, 7 ],
  [ 5, 3 ], [ 5, 4 ], [ 5, 5 ],
  [ 5, 6 ]
]
[ 2, 4 ]
1
length 19
index 1
[
  [ 2, 4 ], [ 2, 5 ], [ 2, 6 ],
  [ 3, 2 ], [ 3, 3 ], [ 3, 4 ],
  [ 3, 5 ], [ 3, 6 ], [ 3, 7 ],
  [ 4, 2 ], [ 4, 3 ], [ 4, 4 ],
  [ 4, 5 ], [ 4, 6 ], [ 4, 7 ],
  [ 5, 3 ], [ 5, 4 ], [ 5, 5 ],
  [ 5, 6 ]
]
1
length 18
index 1
[
  [ 2, 4 ], [ 2, 6 ], [ 3, 2 ],
  [ 3, 3 ], [ 3, 4 ], [ 3, 5 ],
  [ 3, 6 ], [ 3, 7 ], [ 4, 2 ],
  [ 4, 3 ], [ 4, 4 ], [ 4, 5 ],
  [ 4, 6 ], [ 4, 7 ], [ 5, 3 ],
  [ 5, 4 ], [ 5, 5 ], [ 5, 6 ]
]
1
length 17
index 1
[
  [ 2, 4 ], [ 3, 2 ],
  [ 3, 3 ], [ 3, 4 ],
  [ 3, 5 ], [ 3, 6 ],
  [ 3, 7 ], [ 4, 2 ],
  [ 4, 3 ], [ 4, 4 ],
  [ 4, 5 ], [ 4, 6 ],
  [ 4, 7 ], [ 5, 3 ],
  [ 5, 4 ], [ 5, 5 ],
  [ 5, 6 ]
]
1
length 16
index 1
[
  [ 2, 4 ], [ 3, 3 ],
  [ 3, 4 ], [ 3, 5 ],
  [ 3, 6 ], [ 3, 7 ],
  [ 4, 2 ], [ 4, 3 ],
  [ 4, 4 ], [ 4, 5 ],
  [ 4, 6 ], [ 4, 7 ],
  [ 5, 3 ], [ 5, 4 ],
  [ 5, 5 ], [ 5, 6 ]
]
[ 3, 3 ]
2
length 16
index 2
[
  [ 2, 4 ], [ 3, 3 ],
  [ 3, 4 ], [ 3, 5 ],
  [ 3, 6 ], [ 3, 7 ],
  [ 4, 2 ], [ 4, 3 ],
  [ 4, 4 ], [ 4, 5 ],
  [ 4, 6 ], [ 4, 7 ],
  [ 5, 3 ], [ 5, 4 ],
  [ 5, 5 ], [ 5, 6 ]
]
[ 3, 4 ]
3
length 16
index 3
[
  [ 2, 4 ], [ 3, 3 ],
  [ 3, 4 ], [ 3, 5 ],
  [ 3, 6 ], [ 3, 7 ],
  [ 4, 2 ], [ 4, 3 ],
  [ 4, 4 ], [ 4, 5 ],
  [ 4, 6 ], [ 4, 7 ],
  [ 5, 3 ], [ 5, 4 ],
  [ 5, 5 ], [ 5, 6 ]
]
[ 3, 5 ]
4
length 16
index 4
[
  [ 2, 4 ], [ 3, 3 ],
  [ 3, 4 ], [ 3, 5 ],
  [ 3, 6 ], [ 3, 7 ],
  [ 4, 2 ], [ 4, 3 ],
  [ 4, 4 ], [ 4, 5 ],
  [ 4, 6 ], [ 4, 7 ],
  [ 5, 3 ], [ 5, 4 ],
  [ 5, 5 ], [ 5, 6 ]
]
[ 3, 6 ]
5
length 16
index 5
[
  [ 2, 4 ], [ 3, 3 ],
  [ 3, 4 ], [ 3, 5 ],
  [ 3, 6 ], [ 3, 7 ],
  [ 4, 2 ], [ 4, 3 ],
  [ 4, 4 ], [ 4, 5 ],
  [ 4, 6 ], [ 4, 7 ],
  [ 5, 3 ], [ 5, 4 ],
  [ 5, 5 ], [ 5, 6 ]
]
5
length 15
index 5
[
  [ 2, 4 ], [ 3, 3 ],
  [ 3, 4 ], [ 3, 5 ],
  [ 3, 6 ], [ 4, 2 ],
  [ 4, 3 ], [ 4, 4 ],
  [ 4, 5 ], [ 4, 6 ],
  [ 4, 7 ], [ 5, 3 ],
  [ 5, 4 ], [ 5, 5 ],
  [ 5, 6 ]
]
5
length 14
index 5
[
  [ 2, 4 ], [ 3, 3 ],
  [ 3, 4 ], [ 3, 5 ],
  [ 3, 6 ], [ 4, 3 ],
  [ 4, 4 ], [ 4, 5 ],
  [ 4, 6 ], [ 4, 7 ],
  [ 5, 3 ], [ 5, 4 ],
  [ 5, 5 ], [ 5, 6 ]
]
[ 4, 3 ]
6
length 14
index 6
[
  [ 2, 4 ], [ 3, 3 ],
  [ 3, 4 ], [ 3, 5 ],
  [ 3, 6 ], [ 4, 3 ],
  [ 4, 4 ], [ 4, 5 ],
  [ 4, 6 ], [ 4, 7 ],
  [ 5, 3 ], [ 5, 4 ],
  [ 5, 5 ], [ 5, 6 ]
]
[ 4, 4 ]
7
length 14
index 7
[
  [ 2, 4 ], [ 3, 3 ],
  [ 3, 4 ], [ 3, 5 ],
  [ 3, 6 ], [ 4, 3 ],
  [ 4, 4 ], [ 4, 5 ],
  [ 4, 6 ], [ 4, 7 ],
  [ 5, 3 ], [ 5, 4 ],
  [ 5, 5 ], [ 5, 6 ]
]
[ 4, 5 ]
8
length 14
index 8
[
  [ 2, 4 ], [ 3, 3 ],
  [ 3, 4 ], [ 3, 5 ],
  [ 3, 6 ], [ 4, 3 ],
  [ 4, 4 ], [ 4, 5 ],
  [ 4, 6 ], [ 4, 7 ],
  [ 5, 3 ], [ 5, 4 ],
  [ 5, 5 ], [ 5, 6 ]
]
[ 4, 6 ]
9
length 14
index 9
[
  [ 2, 4 ], [ 3, 3 ],
  [ 3, 4 ], [ 3, 5 ],
  [ 3, 6 ], [ 4, 3 ],
  [ 4, 4 ], [ 4, 5 ],
  [ 4, 6 ], [ 4, 7 ],
  [ 5, 3 ], [ 5, 4 ],
  [ 5, 5 ], [ 5, 6 ]
]
9
length 13
index 9
[
  [ 2, 4 ], [ 3, 3 ],
  [ 3, 4 ], [ 3, 5 ],
  [ 3, 6 ], [ 4, 3 ],
  [ 4, 4 ], [ 4, 5 ],
  [ 4, 6 ], [ 5, 3 ],
  [ 5, 4 ], [ 5, 5 ],
  [ 5, 6 ]
]
9
length 12
index 9
[
  [ 2, 4 ], [ 3, 3 ],
  [ 3, 4 ], [ 3, 5 ],
  [ 3, 6 ], [ 4, 3 ],
  [ 4, 4 ], [ 4, 5 ],
  [ 4, 6 ], [ 5, 4 ],
  [ 5, 5 ], [ 5, 6 ]
]
9
length 11
index 9
[
  [ 2, 4 ], [ 3, 3 ],
  [ 3, 4 ], [ 3, 5 ],
  [ 3, 6 ], [ 4, 3 ],
  [ 4, 4 ], [ 4, 5 ],
  [ 4, 6 ], [ 5, 5 ],
  [ 5, 6 ]
]
9
length 10
index 9
[
  [ 2, 4 ], [ 3, 3 ],
  [ 3, 4 ], [ 3, 5 ],
  [ 3, 6 ], [ 4, 3 ],
  [ 4, 4 ], [ 4, 5 ],
  [ 4, 6 ], [ 5, 6 ]
]
9
length 9
unremoveable [
  [ 1, 2 ], [ 1, 3 ],
  [ 1, 4 ], [ 1, 6 ],
  [ 1, 7 ], [ 2, 3 ],
  [ 2, 5 ], [ 2, 6 ],
  [ 3, 2 ], [ 3, 7 ],
  [ 4, 2 ], [ 4, 7 ],
  [ 5, 3 ], [ 5, 4 ],
  [ 5, 5 ], [ 5, 6 ]
]
[
  [
    '.', '.', '.', '.',
    '.', '.', '.', '.',
    '.', '.'
  ],
  [
    '.', '.', '.', '.',
    '.', '.', '.', '.',
    '.', '.'
  ],
  [
    '.', '.', '.', '.',
    '#', '.', '.', '.',
    '.', '.'
  ],
  [
    '.', '.', '.', '#',
    '#', '#', '#', '.',
    '.', '.'
  ],
  [
    '.', '.', '.', '#',
    '#', '#', '#', '.',
    '.', '.'
  ],
  [
    '.', '.', '.', '.',
    '.', '.', '.', '.',
    '.', '.'
  ],
  [
    '.', '.', '.', '.',
    '.', '.', '.', '.',
    '.', '.'
  ]
]
index 0
[
  [ 2, 4 ], [ 3, 3 ],
  [ 3, 4 ], [ 3, 5 ],
  [ 3, 6 ], [ 4, 3 ],
  [ 4, 4 ], [ 4, 5 ],
  [ 4, 6 ]
]
0
length 8
index 0
[
  [ 3, 3 ], [ 3, 4 ],
  [ 3, 5 ], [ 3, 6 ],
  [ 4, 3 ], [ 4, 4 ],
  [ 4, 5 ], [ 4, 6 ]
]
0
length 7
index 0
[
  [ 3, 4 ], [ 3, 5 ],
  [ 3, 6 ], [ 4, 3 ],
  [ 4, 4 ], [ 4, 5 ],
  [ 4, 6 ]
]
[ 3, 4 ]
1
length 7
index 1
[
  [ 3, 4 ], [ 3, 5 ],
  [ 3, 6 ], [ 4, 3 ],
  [ 4, 4 ], [ 4, 5 ],
  [ 4, 6 ]
]
1
length 6
index 1
[ [ 3, 4 ], [ 3, 6 ], [ 4, 3 ], [ 4, 4 ], [ 4, 5 ], [ 4, 6 ] ]
1
length 5
index 1
[ [ 3, 4 ], [ 4, 3 ], [ 4, 4 ], [ 4, 5 ], [ 4, 6 ] ]
1
length 4
index 1
[ [ 3, 4 ], [ 4, 4 ], [ 4, 5 ], [ 4, 6 ] ]
1
length 3
index 1
[ [ 3, 4 ], [ 4, 5 ], [ 4, 6 ] ]
1
length 2
index 1
[ [ 3, 4 ], [ 4, 6 ] ]
1
length 1
unremoveable [
  [ 2, 4 ], [ 3, 3 ],
  [ 3, 5 ], [ 3, 6 ],
  [ 4, 3 ], [ 4, 4 ],
  [ 4, 5 ], [ 4, 6 ]
]
[
  [
    '.', '.', '.', '.',
    '.', '.', '.', '.',
    '.', '.'
  ],
  [
    '.', '.', '.', '.',
    '.', '.', '.', '.',
    '.', '.'
  ],
  [
    '.', '.', '.', '.',
    '.', '.', '.', '.',
    '.', '.'
  ],
  [
    '.', '.', '.', '.',
    '#', '.', '.', '.',
    '.', '.'
  ],
  [
    '.', '.', '.', '.',
    '.', '.', '.', '.',
    '.', '.'
  ],
  [
    '.', '.', '.', '.',
    '.', '.', '.', '.',
    '.', '.'
  ],
  [
    '.', '.', '.', '.',
    '.', '.', '.', '.',
    '.', '.'
  ]
]
index 0
[ [ 3, 4 ] ]
Part 1: 35
